[logo.jpg]
backuphash=21874
text=2;130;1;c;Century Gothic;1.372781,2.272727,0.266667,0.000000;v1,4294967295,4294967295,128.000000,1.000000,0.000000,1.000000,400,0,49152;;149;18;CHERRY BROWN HOTEL;Vladimir Script;0.001531,0.242842,0.467166,0.000000;v1,4287386654,4294967295,128.000000,1.000000,0.018692,1.000000,700,0,49152;;
textactive=1
